102.222222212
155.55555554
264.444444418
283.333333305
283.333333305
283.333333305
283.333333305
283.333333305
283.333333305
283.333333305
283.333333305
225.555554532
123.33333232
46.695665561
13.372652232
21.314665533
28.102331099
31.31344221
31.324542221
30.22343222
24.56789143
22.143063651
21.01866355
18.785638996
16.665601108
12.333344332
8.888888877
5.454545666
4.333434445
3.323333223
3.333334445
3.343335555
3.343335555
2.332323334
2.222222223
1.111111222
2.211221111
3.222222212
3.322332222
3.332332221
3.332222211
2.322221111
2.222221111
1.111111111
1.111111111
1.111111111
1.010111111
1.011111111
1.111111111
1.111111111
1.011101111
1.111111111
1.111111111
1.111111111
1.111111111
1.111111111
1.111111111
1.110111111
1.110111111
1.11001111
1.100111111
1.111111011
1.111111111
1.11111111
1.111110111
1.111110111
1.111110111
1.111111111
1.111111111
1.111001111
1.111011111
1.111111111
1.111111111
1.111111111
1.001111111
1.011111111
1.11111101
1.11111111
1.111111101
1.111111111
1.111111111
1.111111111
1.110111111
1.111111111
1.111011111
1.101111111
0.111101111
1.111111111
1.111111111
1.111111111
1.11111111
1.111111111
1.111111111
1.111111111
1.111111111
1.111111111
1.001111011
1.011011111
1.111011111
1.111101111
1.111101111
1.111111111
1.111111111
1.111111111
1.111111111
1.111111111
1.111111111
1.111111111
1.111111111
1.110111111
1.111111111
1.111111111
1.111111111
1.111111111
1.111111111
1.111111111
1.111111111
1.111111112
1.111111111
1.111101111
1.111111111
1.111111111
1.111111111
1.111111111
1.111111111
1.111111111
1.111111111
1.111111111
102.222222212
155.55555554
264.444444418
283.333333305
283.333333305
283.333333305
283.333333305
283.333333305
283.333333305
283.333333305
283.333333305
225.565555533
124.454567764
58.537392796
45.30583713
39.815491567
33.246723877
29.901279546
28.666835326
24.220158875
15.322269112
17.440353484
17.688223258
15.700334358
12.479223245
10.125878798
7.891434341
5.787902104
5.676578893
5.665467773
5.664456553
5.644433321
5.423212321
5.422123332
3.322233333
2.322333232
2.323332222
2.223232222
1.113332121
1.123322121
1.123221121
1.112221111
1.112221111
1.111221111
1.11122111
1.111111111
1.111111111
1.111101111
1.111100111
1.111110111
1.111110111
1.111111111
1.111111111
1.111011111
1.111111111
1.111110111
1.111100111
1.111111111
1.111111111
1.111111111
1.111011111
1.111011111
1.1110111
1.111011111
1.111011111
0.111011011
0.011011111
0.111111111
0.11111111
1.111111111
1.111111111
1.11101111
1.111011111
1.101111101
1.111111111
1.111101111
1.11111111
1.11101111
1.11111111
1.111111111
1.111111111
1.111111111
1.011111111
1.011101111
1.110101111
1.110111111
1.110111111
0.111111101
1.111111111
1.111111101
1.111111111
1.111111111
1.111111111
1.111110011
1.111110111
1.11111011
1.111110111
1.111110111
1.111110111
1.111111111
0.111111101
0.111111111
1.111111111
1.11111111
1.111111111
1.111111111
1.11111111
1.11111111
1.111111111
1.111111111
1.111111101
1.111111111
0.111111111
1.111111111
1.111111111
1.111111111
1.111111111
1.111111111
1.111110011
1.111110111
1.111111111
1.111111111
1.111111111
1.111111111
1.111111111
1.111111111
1.111111111
1.111111111
102.222222212
155.55555554
264.444444418
283.333333305
283.333333305
283.333333305
283.333333305
283.333333305
283.333333305
283.333333305
283.333333305
225.555555523
123.344555464
53.17611419
27.751447525
17.618114183
17.504214083
16.403981941
26.426778605
28.660122927
28.660121927
20.793335793
13.134579529
12.098375984
11.098372329
8.976147776
6.763914545
5.542682334
3.432452233
2.221332432
2.322343532
2.322333532
1.322343433
2.323243444
2.223242343
2.223232343
2.212222332
2.211111121
2.211121111
2.211121212
2.211121212
2.211111212
1.211111111
1.111111111
1.110010111
1.110011111
1.011011111
1.111111111
1.11111111
1.111111111
1.101111111
1.101111111
1.110111111
1.110111101
1.110111111
1.110111111
1.111101101
1.111110101
1.111111111
0.111001111
0.10111111
0.11111111
1.111111111
1.111111111
1.111111011
1.101111101
1.110111111
1.110111111
0.11111111
1.111101101
0.111111111
1.111011111
1.111111111
1.111111111
0.111111111
0.101111111
0.111111101
0.011111111
1.111111111
1.111110111
1.111111111
1.111111111
1.111111111
1.111111111
1.101111111
1.111111111
1.11111111
1.001111111
1.101110111
1.101111111
1.101111111
1.111111111
1.111111111
1.011101111
1.111111111
1.111111111
1.011111111
1.111111111
1.111111111
1.111111111
1.111111111
1.111111011
1.111111111
1.111111111
1.111111011
1.111101111
1.111111111
1.111111111
1.110111111
1.111111111
1.111111111
1.111101011
1.111101111
1.111111111
1.111111111
1.111111111
1.111111111
1.111111111
1.111111111
1.111111111
1.111111111
1.111111111
1.111111111
1.111111111
1.111111111
1.111111111
1.111111111
1.111111111
102.222222212
155.55555554
264.444444418
283.333333305
283.333333305
283.333333305
283.333333305
283.333333305
283.333333305
283.333333305
283.333333305
224.555555532
122.123431101
51.386709732
33.499815496
25.928518802
21.591763334
17.468753334
13.353432357
12.352220369
11.241109291
11.108987291
12.121068169
12.121068124
12.009966999
8.777866766
5.444544544
3.223432333
2.212221233
1.221121122
2.221132122
2.121232222
1.111232223
1.111122223
1.111122223
1.111111112
1.111111121
1.211111121
1.111111111
1.111111111
1.111111111
1.111101111
1.111011111
1.111111111
1.111111111
1.111111111
1.111101111
1.111101111
1.111100011
1.110100111
1.101111111
1.101111111
1.111111111
1.111111111
1.111111111
0.11111101
0.11101011
1.11011011
1.110110111
1.111110111
1.111111011
1.11011101
1.110111011
1.111111111
1.011101111
0.11110111
1.11110111
1.111111111
1.011111101
1.111111111
1.110101111
1.110111111
1.011111111
1.111011111
1.110111111
1.110111111
1.110111111
1.110111111
1.111110111
1.111111111
1.01111111
1.01111101
1.111111111
1.111111011
1.111111111
1.111111111
1.111111111
1.111111111
1.101110111
1.11111111
1.111111111
1.111111111
1.111111111
1.111111111
1.111111101
0.111111111
1.111101111
1.111110111
1.111111111
1.111111111
1.111111111
1.111111111
1.111101111
1.111011111
1.111111111
1.111111111
1.111111111
1.111111111
1.111111111
1.111101111
1.111111111
1.111111111
1.111011111
1.101111111
1.111111111
1.111111111
1.111111111
1.111111111
1.111111111
1.111111101
1.111011101
1.111111111
1.111111111
1.111111111
1.111111111
1.111111111
1.111111111
1.111211111
102.222222212
155.55555554
264.444444418
283.333333305
283.333333305
283.333333305
283.333333305
283.333333305
283.333333305
283.333333305
283.333333305
225.554555533
125.554465643
60.318366748
33.862300074
24.763446532
29.208275464
29.208286575
26.886965564
22.343232532
19.798479178
21.000690044
20.000678931
14.445223298
7.777766755
4.323423433
3.122224223
2.122134222
2.111234222
2.222322212
2.333232322
3.334332322
3.334332322
3.333321222
2.222221222
2.212121122
2.211121122
2.111111111
1.111111122
1.111111122
1.111111111
2.111111111
1.11111111
1.11111111
1.111111111
1.111111111
0.111111111
1.111111111
1.111001111
1.111001111
1.111100111
1.111110111
1.101110111
1.110111111
1.010110111
1.110111111
1.110111111
1.101111111
1.011101111
1.111111111
1.111111111
1.111011111
1.111100111
1.001110111
0.011111111
1.111111111
1.111111111
1.111111111
1.111111011
0.111111011
1.111111111
1.101111111
1.111111111
1.101111111
1.111111111
1.111011111
1.111111011
1.111111011
1.111111111
1.111111111
1.111111111
1.111111111
1.111111111
1.111111111
1.11111111
1.111011111
0.011110111
1.111111111
1.111111111
1.111011111
1.111111111
1.111111111
1.111111111
1.111111111
1.111111111
1.111111111
1.111111111
1.111111111
1.111111111
1.111111111
1.111111111
1.011111111
1.111111111
1.110111111
1.111111111
1.110111111
1.111111111
1.111011101
1.111111111
1.111111111
1.111111111
1.111111111
1.111111111
1.111111111
1.111111111
1.111111111
1.111111111
1.110111111
1.110111111
1.111111111
1.111111111
1.111111111
1.111111111
1.111111111
1.111111111
1.111111111
1.111111111
1.111111111
