;EDD
0,0,93,
1,0.064,138,
2,0.128,238,
3,0.192,255,
4,0.256,255,
5,0.32,255,
6,0.384,255,
7,0.448,255,
8,0.512,255,
9,0.576,255,
10,0.64,255,
11,0.704,199,
12,0.768,110,
13,0.832,54,
14,0.896,27,
15,0.96,18,
16,1.024,18,
17,1.088,29,
18,1.152,31,
19,1.216,30,
20,1.28,24,
21,1.344,14,
22,1.408,6,
23,1.472,9,
24,1.536,10,
25,1.6,9,
26,1.664,6,
27,1.728,5,
28,1.792,4,
29,1.856,4,
30,1.92,4,
31,1.984,4,
32,2.048,3,
33,2.112,1,
34,2.176,1,
35,2.24,1,
36,2.304,0,
37,2.368,1,
38,2.432,1,
39,2.496,1,
40,2.56,1,
41,2.624,1,
42,2.688,1,
43,2.752,1,
44,2.816,1,
45,2.88,1,
46,2.944,1,
47,3.008,1,
48,3.072,1,
49,3.136,1,
50,3.2,1,
51,3.264,1,
52,3.328,1,
53,3.392,1,
54,3.456,1,
55,3.52,1,
56,3.584,1,
57,3.648,1,
58,3.712,1,
59,3.776,1,
60,3.84,1,
61,3.904,1,
62,3.968,1,
63,4.032,1,
64,4.096,1,
65,4.16,1,
66,4.224,1,
67,4.288,1,
68,4.352,1,
69,4.416,1,
70,4.48,1,
71,4.544,1,
72,4.608,1,
73,4.672,1,
74,4.736,1,
75,4.8,1,
76,4.864,1,
77,4.928,1,
78,4.992,1,
79,5.056,1,
80,5.12,1,
81,5.184,1,
82,5.248,1,
83,5.312,1,
84,5.376,1,
85,5.44,1,
86,5.504,1,
87,5.568,1,
88,5.632,1,
89,5.696,1,
90,5.76,1,
91,5.824,1,
92,5.888,1,
93,5.952,1,
94,6.016,1,
95,6.08,1,
96,6.144,1,
97,6.208,1,
98,6.272,1,
99,6.336,1,
100,6.4,1,
101,6.464,1,
102,6.528,1,
103,6.592,1,
104,6.656,1,
105,6.72,1,
106,6.784,1,
107,6.848,1,
108,6.912,1,
109,6.976,1,
110,7.04,1,
111,7.104,1,
112,7.168,1,
113,7.232,1,
114,7.296,1,
115,7.36,1,
116,7.424,1,
117,7.488,1,
118,7.552,1,
119,7.616,1,
120,7.68,1,
121,7.744,1,
122,7.808,1,
123,7.872,1,
124,7.936,1,
125,8,1,
126,8.064,1,
127,8.128,1,
128,0,93,
129,0.064,139,
130,0.128,238,
131,0.192,255,
132,0.256,255,
133,0.32,255,
134,0.384,255,
135,0.448,255,
136,0.512,255,
137,0.576,255,
138,0.64,255,
139,0.704,199,
140,0.768,111,
141,0.832,55,
142,0.896,27,
143,0.96,18,
144,1.024,16,
145,1.088,26,
146,1.152,29,
147,1.216,29,
148,1.28,23,
149,1.344,12,
150,1.408,7,
151,1.472,10,
152,1.536,11,
153,1.6,10,
154,1.664,7,
155,1.728,5,
156,1.792,4,
157,1.856,5,
158,1.92,5,
159,1.984,5,
160,2.048,4,
161,2.112,2,
162,2.176,1,
163,2.24,1,
164,2.304,1,
165,2.368,2,
166,2.432,2,
167,2.496,2,
168,2.56,1,
169,2.624,1,
170,2.688,1,
171,2.752,1,
172,2.816,1,
173,2.88,1,
174,2.944,1,
175,3.008,1,
176,3.072,0,
177,3.136,1,
178,3.2,1,
179,3.264,1,
180,3.328,1,
181,3.392,1,
182,3.456,1,
183,3.52,1,
184,3.584,1,
185,3.648,1,
186,3.712,1,
187,3.776,1,
188,3.84,1,
189,3.904,1,
190,3.968,1,
191,4.032,1,
192,4.096,1,
193,4.16,0,
194,4.224,1,
195,4.288,1,
196,4.352,1,
197,4.416,1,
198,4.48,1,
199,4.544,1,
200,4.608,1,
201,4.672,1,
202,4.736,1,
203,4.8,1,
204,4.864,1,
205,4.928,1,
206,4.992,1,
207,5.056,1,
208,5.12,1,
209,5.184,1,
210,5.248,1,
211,5.312,1,
212,5.376,1,
213,5.44,1,
214,5.504,1,
215,5.568,1,
216,5.632,1,
217,5.696,1,
218,5.76,1,
219,5.824,1,
220,5.888,1,
221,5.952,1,
222,6.016,1,
223,6.08,1,
224,6.144,1,
225,6.208,1,
226,6.272,1,
227,6.336,1,
228,6.4,1,
229,6.464,1,
230,6.528,1,
231,6.592,1,
232,6.656,1,
233,6.72,1,
234,6.784,1,
235,6.848,1,
236,6.912,1,
237,6.976,1,
238,7.04,1,
239,7.104,1,
240,7.168,1,
241,7.232,1,
242,7.296,1,
243,7.36,1,
244,7.424,1,
245,7.488,1,
246,7.552,1,
247,7.616,1,
248,7.68,1,
249,7.744,1,
250,7.808,1,
251,7.872,1,
252,7.936,1,
253,8,1,
254,8.064,1,
255,8.128,1,
256,0,93,
257,0.064,139,
258,0.128,238,
259,0.192,255,
260,0.256,255,
261,0.32,255,
262,0.384,255,
263,0.448,255,
264,0.512,255,
265,0.576,255,
266,0.64,255,
267,0.704,199,
268,0.768,110,
269,0.832,54,
270,0.896,25,
271,0.96,14,
272,1.024,18,
273,1.088,29,
274,1.152,32,
275,1.216,32,
276,1.28,25,
277,1.344,14,
278,1.408,6,
279,1.472,8,
280,1.536,8,
281,1.6,7,
282,1.664,5,
283,1.728,4,
284,1.792,4,
285,1.856,5,
286,1.92,5,
287,1.984,5,
288,2.048,3,
289,2.112,2,
290,2.176,2,
291,2.24,1,
292,2.304,1,
293,2.368,1,
294,2.432,2,
295,2.496,2,
296,2.56,1,
297,2.624,1,
298,2.688,1,
299,2.752,1,
300,2.816,1,
301,2.88,1,
302,2.944,1,
303,3.008,1,
304,3.072,1,
305,3.136,1,
306,3.2,1,
307,3.264,1,
308,3.328,1,
309,3.392,1,
310,3.456,0,
311,3.52,1,
312,3.584,1,
313,3.648,1,
314,3.712,1,
315,3.776,1,
316,3.84,1,
317,3.904,1,
318,3.968,1,
319,4.032,1,
320,4.096,1,
321,4.16,1,
322,4.224,1,
323,4.288,1,
324,4.352,1,
325,4.416,1,
326,4.48,1,
327,4.544,1,
328,4.608,1,
329,4.672,1,
330,4.736,1,
331,4.8,1,
332,4.864,1,
333,4.928,1,
334,4.992,1,
335,5.056,1,
336,5.12,1,
337,5.184,1,
338,5.248,1,
339,5.312,1,
340,5.376,1,
341,5.44,1,
342,5.504,1,
343,5.568,1,
344,5.632,0,
345,5.696,1,
346,5.76,1,
347,5.824,1,
348,5.888,1,
349,5.952,1,
350,6.016,1,
351,6.08,1,
352,6.144,1,
353,6.208,1,
354,6.272,1,
355,6.336,1,
356,6.4,1,
357,6.464,1,
358,6.528,1,
359,6.592,1,
360,6.656,1,
361,6.72,1,
362,6.784,1,
363,6.848,0,
364,6.912,0,
365,6.976,1,
366,7.04,1,
367,7.104,1,
368,7.168,1,
369,7.232,1,
370,7.296,1,
371,7.36,1,
372,7.424,1,
373,7.488,1,
374,7.552,1,
375,7.616,1,
376,7.68,1,
377,7.744,1,
378,7.808,1,
379,7.872,1,
380,7.936,1,
381,8,1,
382,8.064,1,
383,8.128,1,
384,0,93,
385,0.064,138,
386,0.128,238,
387,0.192,255,
388,0.256,255,
389,0.32,255,
390,0.384,255,
391,0.448,255,
392,0.512,255,
393,0.576,255,
394,0.64,255,
395,0.704,199,
396,0.768,110,
397,0.832,54,
398,0.896,26,
399,0.96,17,
400,1.024,15,
401,1.088,25,
402,1.152,26,
403,1.216,26,
404,1.28,20,
405,1.344,10,
406,1.408,7,
407,1.472,8,
408,1.536,7,
409,1.6,6,
410,1.664,6,
411,1.728,4,
412,1.792,4,
413,1.856,5,
414,1.92,5,
415,1.984,5,
416,2.048,4,
417,2.112,2,
418,2.176,1,
419,2.24,1,
420,2.304,1,
421,2.368,1,
422,2.432,1,
423,2.496,1,
424,2.56,1,
425,2.624,1,
426,2.688,1,
427,2.752,1,
428,2.816,1,
429,2.88,1,
430,2.944,1,
431,3.008,1,
432,3.072,1,
433,3.136,1,
434,3.2,1,
435,3.264,1,
436,3.328,1,
437,3.392,1,
438,3.456,1,
439,3.52,1,
440,3.584,1,
441,3.648,1,
442,3.712,1,
443,3.776,1,
444,3.84,1,
445,3.904,1,
446,3.968,1,
447,4.032,1,
448,4.096,1,
449,4.16,1,
450,4.224,1,
451,4.288,1,
452,4.352,1,
453,4.416,1,
454,4.48,1,
455,4.544,1,
456,4.608,1,
457,4.672,1,
458,4.736,1,
459,4.8,1,
460,4.864,1,
461,4.928,1,
462,4.992,1,
463,5.056,1,
464,5.12,1,
465,5.184,1,
466,5.248,1,
467,5.312,1,
468,5.376,1,
469,5.44,1,
470,5.504,1,
471,5.568,1,
472,5.632,1,
473,5.696,1,
474,5.76,1,
475,5.824,1,
476,5.888,1,
477,5.952,1,
478,6.016,1,
479,6.08,1,
480,6.144,1,
481,6.208,1,
482,6.272,1,
483,6.336,1,
484,6.4,1,
485,6.464,1,
486,6.528,1,
487,6.592,1,
488,6.656,1,
489,6.72,1,
490,6.784,1,
491,6.848,1,
492,6.912,1,
493,6.976,1,
494,7.04,1,
495,7.104,1,
496,7.168,1,
497,7.232,1,
498,7.296,1,
499,7.36,1,
500,7.424,1,
501,7.488,1,
502,7.552,1,
503,7.616,1,
504,7.68,1,
505,7.744,1,
506,7.808,1,
507,7.872,1,
508,7.936,1,
509,8,1,
510,8.064,1,
511,8.128,1,
512,0,93,
513,0.064,138,
514,0.128,238,
515,0.192,255,
516,0.256,255,
517,0.32,255,
518,0.384,255,
519,0.448,255,
520,0.512,255,
521,0.576,255,
522,0.64,255,
523,0.704,200,
524,0.768,111,
525,0.832,54,
526,0.896,26,
527,0.96,16,
528,1.024,12,
529,1.088,21,
530,1.152,23,
531,1.216,22,
532,1.28,17,
533,1.344,7,
534,1.408,6,
535,1.472,6,
536,1.536,5,
537,1.6,6,
538,1.664,6,
539,1.728,4,
540,1.792,4,
541,1.856,5,
542,1.92,5,
543,1.984,4,
544,2.048,2,
545,2.112,1,
546,2.176,1,
547,2.24,1,
548,2.304,1,
549,2.368,1,
550,2.432,1,
551,2.496,1,
552,2.56,1,
553,2.624,1,
554,2.688,0,
555,2.752,1,
556,2.816,1,
557,2.88,1,
558,2.944,1,
559,3.008,1,
560,3.072,1,
561,3.136,1,
562,3.2,1,
563,3.264,1,
564,3.328,1,
565,3.392,1,
566,3.456,1,
567,3.52,1,
568,3.584,0,
569,3.648,1,
570,3.712,1,
571,3.776,1,
572,3.84,1,
573,3.904,1,
574,3.968,1,
575,4.032,1,
576,4.096,1,
577,4.16,1,
578,4.224,1,
579,4.288,1,
580,4.352,1,
581,4.416,1,
582,4.48,1,
583,4.544,1,
584,4.608,1,
585,4.672,1,
586,4.736,1,
587,4.8,0,
588,4.864,1,
589,4.928,1,
590,4.992,1,
591,5.056,1,
592,5.12,1,
593,5.184,1,
594,5.248,1,
595,5.312,1,
596,5.376,1,
597,5.44,1,
598,5.504,1,
599,5.568,1,
600,5.632,1,
601,5.696,1,
602,5.76,1,
603,5.824,1,
604,5.888,1,
605,5.952,1,
606,6.016,0,
607,6.08,1,
608,6.144,1,
609,6.208,1,
610,6.272,1,
611,6.336,1,
612,6.4,1,
613,6.464,1,
614,6.528,1,
615,6.592,1,
616,6.656,1,
617,6.72,1,
618,6.784,1,
619,6.848,1,
620,6.912,1,
621,6.976,1,
622,7.04,1,
623,7.104,1,
624,7.168,1,
625,7.232,1,
626,7.296,1,
627,7.36,1,
628,7.424,1,
629,7.488,1,
630,7.552,1,
631,7.616,1,
632,7.68,1,
633,7.744,1,
634,7.808,1,
635,7.872,1,
636,7.936,1,
637,8,1,
638,8.064,1,
639,8.128,1,
640,0,93,
641,0.064,139,
642,0.128,238,
643,0.192,255,
644,0.256,255,
645,0.32,255,
646,0.384,255,
647,0.448,255,
648,0.512,255,
649,0.576,255,
650,0.64,255,
651,0.704,199,
652,0.768,111,
653,0.832,55,
654,0.896,27,
655,0.96,18,
656,1.024,17,
657,1.088,26,
658,1.152,27,
659,1.216,25,
660,1.28,19,
661,1.344,12,
662,1.408,6,
663,1.472,8,
664,1.536,8,
665,1.6,8,
666,1.664,6,
667,1.728,5,
668,1.792,4,
669,1.856,4,
670,1.92,4,
671,1.984,3,
672,2.048,2,
673,2.112,1,
674,2.176,1,
675,2.24,1,
676,2.304,1,
677,2.368,1,
678,2.432,1,
679,2.496,1,
680,2.56,0,
681,2.624,1,
682,2.688,1,
683,2.752,1,
684,2.816,1,
685,2.88,0,
686,2.944,1,
687,3.008,1,
688,3.072,1,
689,3.136,1,
690,3.2,1,
691,3.264,1,
692,3.328,1,
693,3.392,1,
694,3.456,1,
695,3.52,1,
696,3.584,1,
697,3.648,0,
698,3.712,1,
699,3.776,1,
700,3.84,1,
701,3.904,0,
702,3.968,1,
703,4.032,1,
704,4.096,1,
705,4.16,1,
706,4.224,1,
707,4.288,1,
708,4.352,1,
709,4.416,1,
710,4.48,1,
711,4.544,0,
712,4.608,1,
713,4.672,1,
714,4.736,1,
715,4.8,1,
716,4.864,1,
717,4.928,1,
718,4.992,1,
719,5.056,1,
720,5.12,1,
721,5.184,1,
722,5.248,1,
723,5.312,1,
724,5.376,1,
725,5.44,1,
726,5.504,1,
727,5.568,1,
728,5.632,1,
729,5.696,1,
730,5.76,1,
731,5.824,1,
732,5.888,1,
733,5.952,1,
734,6.016,1,
735,6.08,1,
736,6.144,1,
737,6.208,1,
738,6.272,0,
739,6.336,1,
740,6.4,1,
741,6.464,1,
742,6.528,1,
743,6.592,1,
744,6.656,1,
745,6.72,1,
746,6.784,1,
747,6.848,1,
748,6.912,1,
749,6.976,1,
750,7.04,1,
751,7.104,0,
752,7.168,1,
753,7.232,1,
754,7.296,1,
755,7.36,1,
756,7.424,1,
757,7.488,1,
758,7.552,1,
759,7.616,1,
760,7.68,1,
761,7.744,1,
762,7.808,1,
763,7.872,1,
764,7.936,1,
765,8,1,
766,8.064,1,
767,8.128,1,
768,0,93,
769,0.064,139,
770,0.128,238,
771,0.192,255,
772,0.256,255,
773,0.32,255,
774,0.384,255,
775,0.448,255,
776,0.512,255,
777,0.576,255,
778,0.64,255,
779,0.704,199,
780,0.768,111,
781,0.832,55,
782,0.896,28,
783,0.96,19,
784,1.024,17,
785,1.088,25,
786,1.152,26,
787,1.216,25,
788,1.28,19,
789,1.344,12,
790,1.408,7,
791,1.472,8,
792,1.536,8,
793,1.6,7,
794,1.664,6,
795,1.728,5,
796,1.792,3,
797,1.856,3,
798,1.92,3,
799,1.984,2,
800,2.048,2,
801,2.112,2,
802,2.176,2,
803,2.24,1,
804,2.304,2,
805,2.368,1,
806,2.432,1,
807,2.496,1,
808,2.56,1,
809,2.624,1,
810,2.688,1,
811,2.752,1,
812,2.816,1,
813,2.88,1,
814,2.944,1,
815,3.008,0,
816,3.072,0,
817,3.136,0,
818,3.2,1,
819,3.264,1,
820,3.328,1,
821,3.392,0,
822,3.456,1,
823,3.52,1,
824,3.584,1,
825,3.648,1,
826,3.712,1,
827,3.776,1,
828,3.84,1,
829,3.904,1,
830,3.968,1,
831,4.032,1,
832,4.096,1,
833,4.16,1,
834,4.224,1,
835,4.288,1,
836,4.352,1,
837,4.416,1,
838,4.48,1,
839,4.544,1,
840,4.608,1,
841,4.672,1,
842,4.736,0,
843,4.8,0,
844,4.864,0,
845,4.928,0,
846,4.992,1,
847,5.056,1,
848,5.12,1,
849,5.184,1,
850,5.248,1,
851,5.312,1,
852,5.376,1,
853,5.44,1,
854,5.504,1,
855,5.568,1,
856,5.632,1,
857,5.696,1,
858,5.76,1,
859,5.824,1,
860,5.888,1,
861,5.952,1,
862,6.016,1,
863,6.08,1,
864,6.144,1,
865,6.208,1,
866,6.272,1,
867,6.336,1,
868,6.4,1,
869,6.464,1,
870,6.528,1,
871,6.592,1,
872,6.656,1,
873,6.72,1,
874,6.784,1,
875,6.848,1,
876,6.912,1,
877,6.976,1,
878,7.04,1,
879,7.104,1,
880,7.168,1,
881,7.232,1,
882,7.296,1,
883,7.36,1,
884,7.424,1,
885,7.488,1,
886,7.552,1,
887,7.616,1,
888,7.68,1,
889,7.744,1,
890,7.808,1,
891,7.872,1,
892,7.936,1,
893,8,1,
894,8.064,1,
895,8.128,1,
896,0,93,
897,0.064,138,
898,0.128,238,
899,0.192,255,
900,0.256,255,
901,0.32,255,
902,0.384,255,
903,0.448,255,
904,0.512,255,
905,0.576,255,
906,0.64,255,
907,0.704,199,
908,0.768,110,
909,0.832,54,
910,0.896,25,
911,0.96,15,
912,1.024,21,
913,1.088,31,
914,1.152,32,
915,1.216,30,
916,1.28,23,
917,1.344,15,
918,1.408,6,
919,1.472,8,
920,1.536,8,
921,1.6,8,
922,1.664,8,
923,1.728,7,
924,1.792,5,
925,1.856,5,
926,1.92,5,
927,1.984,4,
928,2.048,3,
929,2.112,2,
930,2.176,2,
931,2.24,1,
932,2.304,1,
933,2.368,1,
934,2.432,1,
935,2.496,1,
936,2.56,1,
937,2.624,1,
938,2.688,1,
939,2.752,1,
940,2.816,1,
941,2.88,1,
942,2.944,1,
943,3.008,1,
944,3.072,1,
945,3.136,1,
946,3.2,1,
947,3.264,1,
948,3.328,1,
949,3.392,0,
950,3.456,1,
951,3.52,1,
952,3.584,1,
953,3.648,1,
954,3.712,1,
955,3.776,1,
956,3.84,1,
957,3.904,1,
958,3.968,1,
959,4.032,1,
960,4.096,1,
961,4.16,1,
962,4.224,1,
963,4.288,1,
964,4.352,1,
965,4.416,1,
966,4.48,1,
967,4.544,1,
968,4.608,1,
969,4.672,1,
970,4.736,1,
971,4.8,1,
972,4.864,1,
973,4.928,1,
974,4.992,1,
975,5.056,1,
976,5.12,1,
977,5.184,1,
978,5.248,1,
979,5.312,1,
980,5.376,1,
981,5.44,1,
982,5.504,1,
983,5.568,1,
984,5.632,1,
985,5.696,1,
986,5.76,1,
987,5.824,1,
988,5.888,1,
989,5.952,1,
990,6.016,1,
991,6.08,1,
992,6.144,1,
993,6.208,1,
994,6.272,1,
995,6.336,1,
996,6.4,1,
997,6.464,1,
998,6.528,1,
999,6.592,1,
1000,6.656,1,
1001,6.72,1,
1002,6.784,1,
1003,6.848,1,
1004,6.912,1,
1005,6.976,1,
1006,7.04,1,
1007,7.104,1,
1008,7.168,1,
1009,7.232,1,
1010,7.296,1,
1011,7.36,1,
1012,7.424,1,
1013,7.488,1,
1014,7.552,1,
1015,7.616,1,
1016,7.68,1,
1017,7.744,1,
1018,7.808,1,
1019,7.872,1,
1020,7.936,1,
1021,8,1,
1022,8.064,1,
1023,8.128,1,
1024,0,93,
1025,0.064,138,
1026,0.128,238,
1027,0.192,255,
1028,0.256,255,
1029,0.32,255,
1030,0.384,255,
1031,0.448,255,
1032,0.512,255,
1033,0.576,255,
1034,0.64,255,
1035,0.704,199,
1036,0.768,111,
1037,0.832,54,
1038,0.896,26,
1039,0.96,15,
1040,1.024,24,
1041,1.088,35,
1042,1.152,36,
1043,1.216,34,
1044,1.28,26,
1045,1.344,19,
1046,1.408,10,
1047,1.472,6,
1048,1.536,7,
1049,1.6,8,
1050,1.664,7,
1051,1.728,7,
1052,1.792,5,
1053,1.856,4,
1054,1.92,4,
1055,1.984,3,
1056,2.048,3,
1057,2.112,3,
1058,2.176,2,
1059,2.24,1,
1060,2.304,1,
1061,2.368,1,
1062,2.432,1,
1063,2.496,1,
1064,2.56,1,
1065,2.624,1,
1066,2.688,1,
1067,2.752,1,
1068,2.816,1,
1069,2.88,1,
1070,2.944,1,
1071,3.008,1,
1072,3.072,1,
1073,3.136,1,
1074,3.2,1,
1075,3.264,1,
1076,3.328,1,
1077,3.392,1,
1078,3.456,1,
1079,3.52,1,
1080,3.584,1,
1081,3.648,1,
1082,3.712,1,
1083,3.776,1,
1084,3.84,1,
1085,3.904,1,
1086,3.968,1,
1087,4.032,1,
1088,4.096,1,
1089,4.16,1,
1090,4.224,1,
1091,4.288,1,
1092,4.352,1,
1093,4.416,0,
1094,4.48,1,
1095,4.544,1,
1096,4.608,1,
1097,4.672,1,
1098,4.736,1,
1099,4.8,1,
1100,4.864,1,
1101,4.928,1,
1102,4.992,1,
1103,5.056,1,
1104,5.12,1,
1105,5.184,1,
1106,5.248,1,
1107,5.312,0,
1108,5.376,0,
1109,5.44,1,
1110,5.504,1,
1111,5.568,1,
1112,5.632,1,
1113,5.696,1,
1114,5.76,1,
1115,5.824,1,
1116,5.888,0,
1117,5.952,1,
1118,6.016,0,
1119,6.08,1,
1120,6.144,1,
1121,6.208,0,
1122,6.272,1,
1123,6.336,1,
1124,6.4,1,
1125,6.464,1,
1126,6.528,1,
1127,6.592,1,
1128,6.656,1,
1129,6.72,1,
1130,6.784,1,
1131,6.848,1,
1132,6.912,1,
1133,6.976,1,
1134,7.04,1,
1135,7.104,1,
1136,7.168,1,
1137,7.232,1,
1138,7.296,1,
1139,7.36,1,
1140,7.424,2,
1141,7.488,2,
1142,7.552,2,
1143,7.616,1,
1144,7.68,1,
1145,7.744,1,
1146,7.808,1,
1147,7.872,1,
1148,7.936,1,
1149,8,1,
1150,8.064,1,
1151,8.128,1,
1152,0,93,
1153,0.064,139,
1154,0.128,238,
1155,0.192,255,
1156,0.256,255,
1157,0.32,255,
1158,0.384,255,
1159,0.448,255,
1160,0.512,255,
1161,0.576,255,
1162,0.64,255,
1163,0.704,199,
1164,0.768,111,
1165,0.832,55,
1166,0.896,25,
1167,0.96,14,
1168,1.024,24,
1169,1.088,33,
1170,1.152,34,
1171,1.216,32,
1172,1.28,24,
1173,1.344,16,
1174,1.408,7,
1175,1.472,7,
1176,1.536,8,
1177,1.6,8,
1178,1.664,8,
1179,1.728,7,
1180,1.792,5,
1181,1.856,4,
1182,1.92,4,
1183,1.984,4,
1184,2.048,3,
1185,2.112,3,
1186,2.176,2,
1187,2.24,2,
1188,2.304,1,
1189,2.368,1,
1190,2.432,1,
1191,2.496,1,
1192,2.56,1,
1193,2.624,1,
1194,2.688,1,
1195,2.752,1,
1196,2.816,1,
1197,2.88,0,
1198,2.944,1,
1199,3.008,1,
1200,3.072,1,
1201,3.136,1,
1202,3.2,1,
1203,3.264,1,
1204,3.328,1,
1205,3.392,1,
1206,3.456,0,
1207,3.52,0,
1208,3.584,1,
1209,3.648,1,
1210,3.712,1,
1211,3.776,1,
1212,3.84,0,
1213,3.904,1,
1214,3.968,1,
1215,4.032,1,
1216,4.096,1,
1217,4.16,1,
1218,4.224,1,
1219,4.288,1,
1220,4.352,1,
1221,4.416,1,
1222,4.48,1,
1223,4.544,1,
1224,4.608,1,
1225,4.672,0,
1226,4.736,1,
1227,4.8,1,
1228,4.864,1,
1229,4.928,1,
1230,4.992,1,
1231,5.056,1,
1232,5.12,1,
1233,5.184,1,
1234,5.248,1,
1235,5.312,1,
1236,5.376,0,
1237,5.44,1,
1238,5.504,1,
1239,5.568,1,
1240,5.632,1,
1241,5.696,1,
1242,5.76,1,
1243,5.824,1,
1244,5.888,1,
1245,5.952,1,
1246,6.016,1,
1247,6.08,1,
1248,6.144,1,
1249,6.208,1,
1250,6.272,1,
1251,6.336,1,
1252,6.4,1,
1253,6.464,1,
1254,6.528,1,
1255,6.592,1,
1256,6.656,1,
1257,6.72,1,
1258,6.784,1,
1259,6.848,1,
1260,6.912,1,
1261,6.976,1,
1262,7.04,1,
1263,7.104,1,
1264,7.168,1,
1265,7.232,1,
1266,7.296,2,
1267,7.36,2,
1268,7.424,2,
1269,7.488,1,
1270,7.552,1,
1271,7.616,1,
1272,7.68,1,
1273,7.744,1,
1274,7.808,1,
1275,7.872,1,
1276,7.936,1,
1277,8,1,
1278,8.064,1,
1279,8.128,1,

EOF
